144 333
143 280
194 282
194 331
241 331
195 234
140 229
94 231
93 186
142 183
140 137
88 138
197 136
197 177
251 178
249 136
140 91
191 89
250 89
296 88
297 133
297 178
335 87
335 133
338 178
338 216
387 215
384 171
383 130
382 85
427 82
428 126
429 170
431 216
432 256
386 253
337 255
338 324
391 320
441 320
477 212
482 259
486 319
527 263
533 317
533 359
496 361
448 363
402 368
348 367
352 415
410 413
238 282

0 3
0 1
1 2
1 7
2 6
2 3
2 5
3 4
4 5
6 7
6 14
7 8
7 10
8 9
9 12
9 10
10 11
10 14
11 12
11 13
11 17
13 14
13 18
13 16
14 15
15 16
15 22
16 19
16 21
17 18
18 19
19 20
20 21
20 23
21 22
21 24
22 25
23 24
23 30
24 29
24 25
25 28
25 26
26 37
26 27
27 34
27 36
27 28
28 33
28 29
29 32
29 30
30 31
31 32
32 33
33 34
34 41
34 35
35 42
35 36
35 40
36 37
36 39
37 38
38 39
38 50
39 40
39 49
40 48
40 43
41 42
42 44
42 43
43 45
43 47
44 45
45 46
46 47
47 48
48 49
49 50
49 52
50 51
51 52
